# Created by Octave 4.0.3, Sun May 23 13:05:36 2021 CEST <admin@MBP-LG.fritz.box>
# name: Data_p
# type: matrix
# rows: 19
# columns: 4
 15 0.1502489617436693 0.1906717350559829 0.05113147376127546
 20 0.1435634923085292 0.02283913428097132 0.0322373170254598
 25 0.1344776315825469 0.1428167116442608 0.04204334440788458
 30 0.1225703095932368 0.1421737635548161 0.0419437127708075
 35 0.1072599855538602 0.1415853085530669 0.04185303281722843
 40 0.08775262291045971 0.1207065237291491 0.03894380053358942
 45 0.062967118453159 0.09050336448796766 0.03574136048054131
 50 0.03142850301206885 0.05773801285676584 0.03347132408495368
 53 0.008451373639441548 0.02181324217807724 0.03221775417374712
 54 9.970423965990027e-17 0.007088131136108772 0.0320368718198266
 55 0.008885507318636259 0.00957167909875708 0.03205438884146756
 56 0.01823025570803943 0.01002413118456404 0.03205814442540304
 57 0.0280610635753804 0.01159612748905654 0.03207254715484881
 60 0.06076643059573594 0.03906991316547469 0.03267089054494842
 65 0.1280994539789978 0.1207004025534699 0.03894303379296483
 70 0.2163461775320404 0.2088576859011161 0.0554727897261351
 75 0.3332833782215108 0.3503388085084526 0.1060488736385258
 80 0.4901821375953108 0.4795555747499066 0.1774003858507641
 85 0.7038008103957917 0.6985866363313042 0.3511510609410144


# name: Data_s
# type: matrix
# rows: 15
# columns: 4
 15 0.1664984704628982 0.226954442740077 0.0587134194626748
 20 0.1731343583707742 0.2357326787213342 0.06108693124556185
 25 0.1821069773089807 0.2480400547506197 0.06459960027740111
 30 0.1937866060901123 0.2639985345562773 0.06947490223814641
 35 0.2086735258803779 0.2821326252389582 0.0754520781688616
 40 0.2274316472185949 0.2997173810017969 0.08168949075615542
 45 0.2509324978020165 0.3284565243443767 0.09281047570183013
 50 0.2803108539894288 0.3615392377492119 0.10702094935105
 55 0.3170320038517417 0.4059884494099166 0.1284562182223967
 60 0.3629676689916272 0.4439857080719672 0.1488839578329378
 65 0.4204720988975429 0.5128272210686045 0.1907751474904422
 70 0.4924411906630725 0.5823960823215311 0.2394387122000116
 75 0.5823264398905187 0.6761595429849266 0.3150135876434539
 80 0.6940657869791369 1.03437271643166 0.7085112030871495
 85 0.8318924922397917 0.8770116489743081 0.5152468627755049


# name: Ep
# type: matrix
# rows: 19
# columns: 1
 0.1906717350559829
 0.02283913428097132
 0.1428167116442608
 0.1421737635548161
 0.1415853085530669
 0.1207065237291491
 0.09050336448796766
 0.05773801285676584
 0.02181324217807724
 0.007088131136108772
 0.00957167909875708
 0.01002413118456404
 0.01159612748905654
 0.03906991316547469
 0.1207004025534699
 0.2088576859011161
 0.3503388085084526
 0.4795555747499066
 0.6985866363313042


# name: Es
# type: matrix
# rows: 15
# columns: 1
 0.226954442740077
 0.2357326787213342
 0.2480400547506197
 0.2639985345562773
 0.2821326252389582
 0.2997173810017969
 0.3284565243443767
 0.3615392377492119
 0.4059884494099166
 0.4439857080719672
 0.5128272210686045
 0.5823960823215311
 0.6761595429849266
 1.03437271643166
 0.8770116489743081


# name: I
# type: lazy_index
# name: index_value
# type: matrix
# rows: 19
# columns: 1
 1
 2
 3
 4
 5
 6
 7
 8
 19
 18
 9
 16
 17
 10
 11
 12
 13
 14
 15




# name: Uep
# type: scalar
6767.3


# name: Ues
# type: scalar
6431


# name: data
# type: matrix
# rows: 19
# columns: 6
 15 30 246.03 0.02 331.25 0.1
 20 40 3.53 0.02 357.37 0.1
 25 50 138.03 0.02 395.66 0.1
 30 60 136.79 0.02 448.21 0.1
 35 70 135.66 0.02 511.9 0.1
 40 80 98.59999999999999 0.02 577.7 0.1
 45 90 55.43 0.02 693.8 0.1
 50 100 22.56 0.02 840.6 0.1
 55 110 0.62 0.02 1060 0.1
 60 120 10.33 0.02 1267.7 0.1
 65 130 98.59 0.02 1691.3 0.1
 70 140 295.2 0.02 2181.3 0.1
 75 150 830.6 0.02 2940.2 0.1
 80 160 1556.3 0.02 6880.7 0.1
 85 170 3302.6 0.02 4946.4 0.1
 56 112 0.68 0.02 0 0
 57 114 0.91 0.02 0 0
 54 108 0.34 0.02 0 0
 53 106 3.22 0.02 0 0


# name: dataUp
# type: matrix
# rows: 19
# columns: 3
 15 246.03 0.02
 20 3.53 0.02
 25 138.03 0.02
 30 136.79 0.02
 35 135.66 0.02
 40 98.59999999999999 0.02
 45 55.43 0.02
 50 22.56 0.02
 53 3.22 0.02
 54 0.34 0.02
 55 0.62 0.02
 56 0.68 0.02
 57 0.91 0.02
 60 10.33 0.02
 65 98.59 0.02
 70 295.2 0.02
 75 830.6 0.02
 80 1556.3 0.02
 85 3302.6 0.02


# name: dataUs
# type: matrix
# rows: 15
# columns: 3
 15 331.25 0.1
 20 357.37 0.1
 25 395.66 0.1
 30 448.21 0.1
 35 511.9 0.1
 40 577.7 0.1
 45 693.8 0.1
 50 840.6 0.1
 55 1060 0.1
 60 1267.7 0.1
 65 1691.3 0.1
 70 2181.3 0.1
 75 2940.2 0.1
 80 6880.7 0.1
 85 4946.4 0.1


# name: leg
# type: scalar
-14.61635036551563


# name: n2
# type: scalar
1.894427190999915


# name: nameMessParallel
# type: sq_string
# elements: 1
# length: 33
|E_{r} / {\it E}_{e} |_{||, mess}


# name: nameMessSenk
# type: sq_string
# elements: 1
# length: 37
| E_{r} / {\it E}_{e} |_{#8869, mess}


# name: nameTheoParallel
# type: sq_string
# elements: 1
# length: 34
| E_{r} / {\it E}_{e} |_{||, theo}


# name: nameTheoSenk
# type: sq_string
# elements: 1
# length: 35
|E_{r} / {\it E}_{e} |_{\bot, theo}


# name: phiradp
# type: matrix
# rows: 19
# columns: 1
 0.2617993877991494
 0.3490658503988659
 0.4363323129985824
 0.5235987755982988
 0.6108652381980153
 0.6981317007977318
 0.7853981633974483
 0.8726646259971648
 0.9250245035569946
 0.9424777960769379
 0.9599310885968813
 0.9773843811168246
 0.9948376736367679
 1.047197551196598
 1.134464013796314
 1.221730476396031
 1.308996938995747
 1.396263401595464
 1.48352986419518


# name: phirads
# type: matrix
# rows: 15
# columns: 1
 0.2617993877991494
 0.3490658503988659
 0.4363323129985824
 0.5235987755982988
 0.6108652381980153
 0.6981317007977318
 0.7853981633974483
 0.8726646259971648
 0.9599310885968813
 1.047197551196598
 1.134464013796314
 1.221730476396031
 1.308996938995747
 1.396263401595464
 1.48352986419518


# name: s
# type: matrix
# rows: 19
# columns: 1
 15
 20
 25
 30
 35
 40
 45
 50
 53
 54
 55
 56
 57
 60
 65
 70
 75
 80
 85


# name: s_Ep
# type: matrix
# rows: 19
# columns: 1
 0.05113147376127546
 0.0322373170254598
 0.04204334440788458
 0.0419437127708075
 0.04185303281722843
 0.03894380053358942
 0.03574136048054131
 0.03347132408495368
 0.03221775417374712
 0.0320368718198266
 0.03205438884146756
 0.03205814442540304
 0.03207254715484881
 0.03267089054494842
 0.03894303379296483
 0.0554727897261351
 0.1060488736385258
 0.1774003858507641
 0.3511510609410144


# name: s_Es
# type: matrix
# rows: 15
# columns: 1
 0.0587134194626748
 0.06108693124556185
 0.06459960027740111
 0.06947490223814641
 0.0754520781688616
 0.08168949075615542
 0.09281047570183013
 0.10702094935105
 0.1284562182223967
 0.1488839578329378
 0.1907751474904422
 0.2394387122000116
 0.3150135876434539
 0.7085112030871495
 0.5152468627755049


# name: s_phi
# type: scalar
0.8659382195052947


# name: theop
# type: matrix
# rows: 19
# columns: 1
 0.1502489617436693
 0.1435634923085292
 0.1344776315825469
 0.1225703095932368
 0.1072599855538602
 0.08775262291045971
 0.062967118453159
 0.03142850301206885
 0.008451373639441548
 9.970423965990027e-17
 0.008885507318636259
 0.01823025570803943
 0.0280610635753804
 0.06076643059573594
 0.1280994539789978
 0.2163461775320404
 0.3332833782215108
 0.4901821375953108
 0.7038008103957917


# name: theos
# type: matrix
# rows: 15
# columns: 1
 0.1664984704628982
 0.1731343583707742
 0.1821069773089807
 0.1937866060901123
 0.2086735258803779
 0.2274316472185949
 0.2509324978020165
 0.2803108539894288
 0.3170320038517417
 0.3629676689916272
 0.4204720988975429
 0.4924411906630725
 0.5823264398905187
 0.6940657869791369
 0.8318924922397917


