Mes_Versuch1_ohneReaktion.txt 

1.9306666666666665 +- 0.016608769494019158
 Mittelwert = 1.9306666666666665 
 Varianz = 0.12841757452283423 
 F_Mittelwert = 0.01657863758290956 
 Messunsicherheit = 0.016608769494019158 

Balken: [ 3.  0.  1.  3.  5. 14. 12.  2.  8.  6.  5.  1.] 
Wskt: [0.05  0.  0.01666667  0.05  0.08333333  0.23333333  0.2  0.03333333  0.13333333  0.1  0.08333333  0.01666667] 

Mes_Versuch1_ohneReaktionShort.txt 

1.926666666666667 +- 0.03543897056801501
 Mittelwert = 1.926666666666667 
 Varianz = 0.13719988893512092 
 F_Mittelwert = 0.03542485899648204 
 Messunsicherheit = 0.03543897056801501 

Balken: [1. 0. 0. 1. 1. 4. 2. 0. 2. 4.] 

Mes_Versuch1_mitReaktion.txt 

2.1400000000000006 +- 0.012058362813110549
 Mittelwert = 2.1400000000000006 
 Varianz = 0.09151742236586008 
 F_Mittelwert = 0.012016826275377677 
 Messunsicherheit = 0.012058362813110549 

Balken: [ 2.  1.  0.  0.  2. 26. 17.  5.  3.  0.  1.  1.] 
Wskt: [0.03448276  0.01724138  0.  0.  0.03448276  0.44827586  0.29310345  0.0862069  0.05172414  0.  0.01724138  0.01724138] 

Mes_Versuch1_mitReaktionShort.txt 

2.1266666666666665 +- 0.029483113272752735
 Mittelwert = 2.1266666666666665 
 Varianz = 0.11412190641506795 
 F_Mittelwert = 0.02946614953219997 
 Messunsicherheit = 0.029483113272752735 

[1. 1. 0. 0. 0. 7. 4. 2.] 

Mes_Versuch2.txt

Ablesefehler wurde mit Restfehler approximiert, da man nicht so genau messen kann!

dh: 0.07504524268732829 mm
da: 0.0742249988211519 mm
dt: 0.0728319984622144 mm
dd': 0.07220974449477023 mm
dm: 0.011180339887498949 g

V:  (17.053890005297085 +- 0.12419954279764273) cm^3
Dichte:  (8.464344495898803 +- 0.06164735239262162) g/cm^3